0000000000000000000000000000000
0000000000000001110000000000000
0000010000000900000000000000000
0000022200000000000004500000000
0000000000000000000000000000000
0000000000000000000000000000000
0006660000000002220000000000000
0000000000009000000000000000000
0000000000000000000000000110000
0008888800000000220000000000000
0000000000000000000000000000000
0000000000000000000000000000000
0000123456789000000000777770000
0000000000000000000000000000000
0000000110000000000000000000000
0000000099999999999900000000000
0000000000000000000000000000000
0000000000000000000000000000000
0000000000000000000000000000000
0000000000000000000000000000000
0000000000000000000000000000000
0000000000000000000000000000000
0000000000000000000000000000000
0000000000000000000000000000000
0000000000000000000000000000000
0000000000000000000000000000000
0000000000000000000000000000000
0000000000000000000000000000000
0000000000000000000000000000000
0000000000000000000000000000000
0000000000000000000000000000000
0000000000000000000000000000000
0000000000000000000000000000000
0000000000000000000000000000000
0000000000000000000000000000000
0000000000000000000000000000000
0000000000000000000000000000000
0000000000000000000000000000000
0000000000000000000000000000000
0000000000000000000000000000000
0000000000000000000000000000000
0000000000000000000000000000000
0000000000000000000000000000000
0000000000000000000000000000000